# format: atomIndex Fx Fy Fz Vx Vy Vz
216

0      -4.62737e-16      -5.52943e-16      -5.37331e-16
1      -5.56413e-16      -6.01515e-16      -7.51569e-16
2      -4.7358e-16      -5.11743e-16      1.2889e-15
3      -5.04371e-16      -5.42535e-16      -1.29063e-15
4      -5.56413e-16      -5.49474e-16      0
5      -4.83988e-16      -5.29091e-16      1.29063e-15
6      -6.08454e-16      -7.39426e-16      -5.4904e-16
7      -7.03864e-16      -7.38125e-16      -7.33354e-16
8      -6.17128e-16      -7.42028e-16      1.33617e-15
9      -6.51822e-16      -7.34655e-16      -1.33617e-15
10      -7.00395e-16      -7.38125e-16      0
11      -6.31439e-16      -7.07767e-16      1.33617e-15
12      -5.25188e-16      1.26071e-15      -5.22152e-16
13      -5.14779e-16      1.31622e-15      -7.29885e-16
14      -4.28477e-16      1.22298e-15      1.30581e-15
15      -4.62737e-16      1.31622e-15      -1.30755e-15
16      -4.03757e-16      1.26765e-15      0
17      -4.42354e-16      1.29584e-15      1.30755e-15
18      -6.08454e-16      -1.31535e-15      -5.50775e-16
19      -7.03864e-16      -1.31752e-15      -7.2815e-16
20      -5.61617e-16      -1.26591e-15      1.27719e-15
21      -5.96311e-16      -1.31405e-15      -1.27719e-15
22      -6.44883e-16      -1.26895e-15      0
23      -5.75928e-16      -1.2941e-15      1.27719e-15
24      -6.08454e-16      -2.47198e-17      -5.54244e-16
25      -6.48353e-16      -1.99493e-17      -7.29885e-16
26      -5.06106e-16      -3.07913e-17      1.34137e-15
27      -5.408e-16      -1.64799e-17      -1.34137e-15
28      -5.33861e-16      -2.34188e-17      0
29      -5.20417e-16      0      1.34137e-15
30      -6.41848e-16      1.31535e-15      -5.25621e-16
31      -6.31439e-16      1.31752e-15      -7.66748e-16
32      -5.42968e-16      1.26591e-15      1.29237e-15
33      -5.75928e-16      1.31405e-15      -1.29237e-15
34      -5.20417e-16      1.26895e-15      0
35      -5.55112e-16      1.2941e-15      1.29237e-15
36      -8.26162e-16      -5.59882e-16      -5.47305e-16
37      -7.72819e-16      -6.0672e-16      -7.27283e-16
38      -7.73253e-16      -5.65086e-16      1.3301e-15
39      -7.72819e-16      -5.99781e-16      -1.3301e-15
40      -7.24247e-16      -5.99781e-16      0
41      -7.49401e-16      -5.82867e-16      1.3301e-15
42      -7.75421e-16      -7.16441e-16      -6.08454e-16
43      -7.70651e-16      -7.60243e-16      -7.56773e-16
44      -7.20778e-16      -7.17308e-16      1.36349e-15
45      -7.1514e-16      -7.1167e-16      -1.36349e-15
46      -7.1514e-16      -7.04731e-16      0
47      -6.93889e-16      -6.8695e-16      1.36349e-15
48      -8.26162e-16      1.36132e-15      -5.76796e-16
49      -8.24861e-16      1.34224e-15      -7.62845e-16
50      -8.32234e-16      1.31449e-15      1.33964e-15
51      -8.80372e-16      1.2902e-15      -1.33964e-15
52      -8.318e-16      1.28326e-15      0
53      -8.60423e-16      1.32533e-15      1.33964e-15
54      -7.1991e-16      -1.35482e-15      -5.47739e-16
55      -6.59629e-16      -1.34311e-15      -7.61977e-16
56      -7.76289e-16      -1.29671e-15      1.30972e-15
57      -7.1514e-16      -1.29107e-15      -1.30972e-15
58      -7.70651e-16      -1.28413e-15      0
59      -6.93889e-16      -1.26982e-15      1.30972e-15
60      -7.75421e-16      -2.60209e-17      -6.0325e-16
61      -7.1514e-16      -2.12504e-17      -7.56773e-16
62      -7.76289e-16      -2.68882e-17      1.36002e-15
63      -8.26162e-16      -2.12504e-17      -1.36002e-15
64      -7.1514e-16      -2.12504e-17      0
65      -8.04912e-16      0      1.36002e-15
66      -7.47666e-16      1.35482e-15      -5.79398e-16
67      -7.97973e-16      1.34311e-15      -7.44196e-16
68      -8.04912e-16      1.29671e-15      1.32359e-15
69      -7.97973e-16      1.29107e-15      -1.32359e-15
70      -7.97973e-16      1.28413e-15      0
71      -7.77156e-16      1.26982e-15      1.32359e-15
72      1.18438e-15      -5.84168e-16      -5.72025e-16
73      1.38908e-15      -5.7376e-16      -7.25548e-16
74      1.19522e-15      -4.87457e-16      1.29757e-15
75      1.28153e-15      -5.77229e-16      -1.29757e-15
76      1.33357e-15      -5.18249e-16      0
77      1.26114e-15      -5.56846e-16      1.29757e-15
78      1.38561e-15      -7.1167e-16      -5.76796e-16
79      1.42551e-15      -7.6588e-16      -7.64579e-16
80      1.33877e-15      -7.17742e-16      1.33964e-15
81      1.42898e-15      -7.10369e-16      -1.33964e-15
82      1.36653e-15      -7.17308e-16      0
83      1.4086e-15      -6.9042e-16      1.33964e-15
84      1.30234e-15      1.32663e-15      -5.53377e-16
85      1.23642e-15      1.31969e-15      -7.64579e-16
86      1.26114e-15      1.2889e-15      1.31622e-15
87      1.23989e-15      1.26765e-15      -1.31622e-15
88      1.23642e-15      1.27112e-15      0
89      1.21951e-15      1.30278e-15      1.31622e-15
90      1.38561e-15      -1.32229e-15      -5.24754e-16
91      1.42551e-15      -1.31752e-15      -7.62845e-16
92      1.33877e-15      -1.27285e-15      1.2876e-15
93      1.37347e-15      -1.26548e-15      -1.2876e-15
94      1.36653e-15      -1.26895e-15      0
95      1.35308e-15      -1.249e-15      1.2876e-15
96      1.44112e-15      -2.47198e-17      -5.7853e-16
97      1.31449e-15      -1.99493e-17      -7.68049e-16
98      1.33877e-15      -2.73219e-17      1.28933e-15
99      1.31796e-15      -1.99493e-17      -1.34484e-15
100      1.25551e-15      -1.99493e-17      0
101      1.29757e-15      0      1.34484e-15
102      1.36349e-15      1.32229e-15      -5.56846e-16
103      1.35308e-15      1.31752e-15      -7.45931e-16
104      1.26461e-15      1.27285e-15      1.30104e-15
105      1.35308e-15      1.26548e-15      -1.30104e-15
106      1.24206e-15      1.26895e-15      0
107      1.33227e-15      1.249e-15      1.30104e-15
108      -1.43678e-15      -5.59882e-16      -5.47305e-16
109      -1.43895e-15      -6.0672e-16      -7.27283e-16
110      -1.38388e-15      -5.09575e-16      1.27459e-15
111      -1.43895e-15      -5.44269e-16      -1.27459e-15
112      -1.39038e-15      -5.44269e-16      0
113      -1.41553e-15      -5.27356e-16      1.27459e-15
114      -1.38604e-15      -7.16441e-16      -5.52943e-16
115      -1.38127e-15      -7.60243e-16      -7.56773e-16
116      -1.27589e-15      -7.17308e-16      1.30798e-15
117      -1.27025e-15      -7.1167e-16      -1.30798e-15
118      -1.27025e-15      -7.04731e-16      0
119      -1.249e-15      -6.8695e-16      1.30798e-15
120      -1.38127e-15      1.2503e-15      -5.21284e-16
121      -1.37997e-15      1.28673e-15      -7.62845e-16
122      -1.38735e-15      1.31449e-15      1.28413e-15
123      -1.32446e-15      1.2902e-15      -1.28413e-15
124      -1.38691e-15      1.28326e-15      0
125      -1.41553e-15      1.26982e-15      1.28413e-15
126      -1.27502e-15      -1.29931e-15      -5.47739e-16
127      -1.32576e-15      -1.2876e-15      -7.61977e-16
128      -1.22038e-15      -1.29671e-15      1.30972e-15
129      -1.27025e-15      -1.29107e-15      -1.30972e-15
130      -1.21474e-15      -1.28413e-15      0
131      -1.249e-15      -1.26982e-15      1.30972e-15
132      -1.38604e-15      -2.60209e-17      -5.47739e-16
133      -1.32576e-15      -2.12504e-17      -7.56773e-16
134      -1.3314e-15      -2.68882e-17      1.30451e-15
135      -1.27025e-15      -2.12504e-17      -1.30451e-15
136      -1.27025e-15      -2.12504e-17      0
137      -1.36002e-15      0      1.30451e-15
138      -1.30278e-15      1.29931e-15      -5.23886e-16
139      -1.35308e-15      1.2876e-15      -7.44196e-16
140      -1.36002e-15      1.29671e-15      1.26808e-15
141      -1.35308e-15      1.29107e-15      -1.26808e-15
142      -1.35308e-15      1.28413e-15      0
143      -1.33227e-15      1.26982e-15      1.26808e-15
144      -1.04517e-16      -6.15393e-16      -6.02816e-16
145      5.9848e-17      -6.0672e-16      -7.27283e-16
146      -5.1608e-17      -5.09575e-16      1.3301e-15
147      4.33681e-18      -5.99781e-16      -1.3301e-15
148      5.29091e-17      -5.44269e-16      0
149      2.77556e-17      -5.82867e-16      1.3301e-15
150      1.73472e-18      -7.16441e-16      -6.08454e-16
151      -4.90059e-17      -7.60243e-16      -7.56773e-16
152      8.67362e-19      -7.17308e-16      1.36349e-15
153      6.20164e-17      -7.1167e-16      -1.36349e-15
154      -4.90059e-17      -7.04731e-16      0
155      8.32667e-17      -6.8695e-16      1.36349e-15
156      -4.90059e-17      1.36132e-15      -5.76796e-16
157      -1.03216e-16      1.34224e-15      -7.62845e-16
158      4.33681e-19      1.31449e-15      1.33964e-15
159      -1.03216e-16      1.2902e-15      -1.33964e-15
160      8.67362e-19      1.28326e-15      0
161      -8.32667e-17      1.32533e-15      1.33964e-15
162      5.72459e-17      -1.35482e-15      -5.47739e-16
163      6.50521e-18      -1.34311e-15      -7.61977e-16
164      8.67362e-19      -1.29671e-15      1.30972e-15
165      6.20164e-17      -1.29107e-15      -1.30972e-15
166      6.50521e-18      -1.28413e-15      0
167      8.32667e-17      -1.26982e-15      1.30972e-15
168      5.72459e-17      -2.60209e-17      -6.0325e-16
169      -4.90059e-17      -2.12504e-17      -7.56773e-16
170      5.63785e-17      -2.68882e-17      1.30451e-15
171      -4.90059e-17      -2.12504e-17      -1.36002e-15
172      6.50521e-18      -2.12504e-17      0
173      -2.77556e-17      0      1.36002e-15
174      2.94903e-17      1.35482e-15      -5.79398e-16
175      -2.08167e-17      1.34311e-15      -7.44196e-16
176      -2.77556e-17      1.29671e-15      1.32359e-15
177      -2.08167e-17      1.29107e-15      -1.32359e-15
178      -1.31839e-16      1.28413e-15      0
179      0      1.26982e-15      1.32359e-15
180      1.43678e-15      -5.86337e-16      -5.72459e-16
181      1.43895e-15      -5.75928e-16      -7.61544e-16
182      1.38388e-15      -4.87457e-16      1.27849e-15
183      1.43895e-15      -5.75928e-16      -1.27849e-15
184      1.39038e-15      -5.20417e-16      0
185      1.41553e-15      -5.55112e-16      1.27849e-15
186      1.38604e-15      -7.47666e-16      -5.79398e-16
187      1.38127e-15      -7.42462e-16      -7.38992e-16
188      1.27589e-15      -7.49401e-16      1.31839e-15
189      1.27025e-15      -7.97973e-16      -1.31839e-15
190      1.27025e-15      -7.42462e-16      0
191      1.249e-15      -7.77156e-16      1.31839e-15
192      1.38127e-15      1.30798e-15      -5.51642e-16
193      1.37997e-15      1.29757e-15      -7.40727e-16
194      1.38735e-15      1.26461e-15      1.29237e-15
195      1.32446e-15      1.29757e-15      -1.29237e-15
196      1.38691e-15      1.29757e-15      0
197      1.41553e-15      1.27676e-15      1.29237e-15
198      1.27502e-15      -1.30278e-15      -5.23886e-16
199      1.32576e-15      -1.29757e-15      -7.38992e-16
200      1.22038e-15      -1.30451e-15      1.31839e-15
201      1.27025e-15      -1.24206e-15      -1.31839e-15
202      1.21474e-15      -1.29757e-15      0
203      1.249e-15      -1.22125e-15      1.31839e-15
204      1.38604e-15      -2.60209e-17      -5.79398e-16
205      1.32576e-15      -2.08167e-17      -7.38992e-16
206      1.3314e-15      -2.77556e-17      1.31839e-15
207      1.27025e-15      -2.08167e-17      -1.31839e-15
208      1.27025e-15      -2.08167e-17      0
209      1.36002e-15      0      1.31839e-15
210      1.30278e-15      1.30278e-15      -5.55112e-16
211      1.35308e-15      1.29757e-15      -7.21645e-16
212      1.36002e-15      1.30451e-15      1.27676e-15
213      1.35308e-15      1.24206e-15      -1.27676e-15
214      1.35308e-15      1.29757e-15      0
215      1.33227e-15      1.22125e-15      1.27676e-15
