# format: atomIndex Fx Fy Fz Vx Vy Vz
216

0      1.45717e-16      1.45717e-16      1.45717e-16
1      1.45717e-16      1.45717e-16      8.32667e-17
2      1.45717e-16      1.45717e-16      -8.32667e-17
3      1.45717e-16      1.45717e-16      -1.45717e-16
4      1.45717e-16      1.45717e-16      2.98372e-16
5      1.45717e-16      1.45717e-16      -2.98372e-16
6      1.45717e-16      8.32667e-17      1.45717e-16
7      1.45717e-16      8.32667e-17      8.32667e-17
8      1.45717e-16      8.32667e-17      -8.32667e-17
9      1.45717e-16      8.32667e-17      -1.45717e-16
10      1.45717e-16      8.32667e-17      2.98372e-16
11      1.45717e-16      8.32667e-17      -2.98372e-16
12      1.45717e-16      -8.32667e-17      1.45717e-16
13      1.45717e-16      -8.32667e-17      8.32667e-17
14      1.45717e-16      -8.32667e-17      -8.32667e-17
15      1.45717e-16      -8.32667e-17      -1.45717e-16
16      1.45717e-16      -8.32667e-17      2.98372e-16
17      1.45717e-16      -8.32667e-17      -2.98372e-16
18      1.45717e-16      -1.45717e-16      1.45717e-16
19      1.45717e-16      -1.45717e-16      8.32667e-17
20      1.45717e-16      -1.45717e-16      -8.32667e-17
21      1.45717e-16      -1.45717e-16      -1.45717e-16
22      1.45717e-16      -1.45717e-16      2.98372e-16
23      1.45717e-16      -1.45717e-16      -2.98372e-16
24      1.45717e-16      2.98372e-16      1.45717e-16
25      1.45717e-16      2.98372e-16      8.32667e-17
26      1.45717e-16      2.98372e-16      -8.32667e-17
27      1.45717e-16      2.98372e-16      -1.45717e-16
28      1.45717e-16      2.98372e-16      2.98372e-16
29      1.45717e-16      2.98372e-16      -2.98372e-16
30      1.45717e-16      -2.98372e-16      1.45717e-16
31      1.45717e-16      -2.98372e-16      8.32667e-17
32      1.45717e-16      -2.98372e-16      -8.32667e-17
33      1.45717e-16      -2.98372e-16      -1.45717e-16
34      1.45717e-16      -2.98372e-16      2.98372e-16
35      1.45717e-16      -2.98372e-16      -2.98372e-16
36      8.32667e-17      1.45717e-16      1.45717e-16
37      8.32667e-17      1.45717e-16      8.32667e-17
38      8.32667e-17      1.45717e-16      -8.32667e-17
39      8.32667e-17      1.45717e-16      -1.45717e-16
40      8.32667e-17      1.45717e-16      2.98372e-16
41      8.32667e-17      1.45717e-16      -2.98372e-16
42      8.32667e-17      8.32667e-17      1.45717e-16
43      8.32667e-17      8.32667e-17      8.32667e-17
44      8.32667e-17      8.32667e-17      -8.32667e-17
45      8.32667e-17      8.32667e-17      -1.45717e-16
46      8.32667e-17      8.32667e-17      2.98372e-16
47      8.32667e-17      8.32667e-17      -2.98372e-16
48      8.32667e-17      -8.32667e-17      1.45717e-16
49      8.32667e-17      -8.32667e-17      8.32667e-17
50      8.32667e-17      -8.32667e-17      -8.32667e-17
51      8.32667e-17      -8.32667e-17      -1.45717e-16
52      8.32667e-17      -8.32667e-17      2.98372e-16
53      8.32667e-17      -8.32667e-17      -2.98372e-16
54      8.32667e-17      -1.45717e-16      1.45717e-16
55      8.32667e-17      -1.45717e-16      8.32667e-17
56      8.32667e-17      -1.45717e-16      -8.32667e-17
57      8.32667e-17      -1.45717e-16      -1.45717e-16
58      8.32667e-17      -1.45717e-16      2.98372e-16
59      8.32667e-17      -1.45717e-16      -2.98372e-16
60      8.32667e-17      2.98372e-16      1.45717e-16
61      8.32667e-17      2.98372e-16      8.32667e-17
62      8.32667e-17      2.98372e-16      -8.32667e-17
63      8.32667e-17      2.98372e-16      -1.45717e-16
64      8.32667e-17      2.98372e-16      2.98372e-16
65      8.32667e-17      2.98372e-16      -2.98372e-16
66      8.32667e-17      -2.98372e-16      1.45717e-16
67      8.32667e-17      -2.98372e-16      8.32667e-17
68      8.32667e-17      -2.98372e-16      -8.32667e-17
69      8.32667e-17      -2.98372e-16      -1.45717e-16
70      8.32667e-17      -2.98372e-16      2.98372e-16
71      8.32667e-17      -2.98372e-16      -2.98372e-16
72      -8.32667e-17      1.45717e-16      1.45717e-16
73      -8.32667e-17      1.45717e-16      8.32667e-17
74      -8.32667e-17      1.45717e-16      -8.32667e-17
75      -8.32667e-17      1.45717e-16      -1.45717e-16
76      -8.32667e-17      1.45717e-16      2.98372e-16
77      -8.32667e-17      1.45717e-16      -2.98372e-16
78      -8.32667e-17      8.32667e-17      1.45717e-16
79      -8.32667e-17      8.32667e-17      8.32667e-17
80      -8.32667e-17      8.32667e-17      -8.32667e-17
81      -8.32667e-17      8.32667e-17      -1.45717e-16
82      -8.32667e-17      8.32667e-17      2.98372e-16
83      -8.32667e-17      8.32667e-17      -2.98372e-16
84      -8.32667e-17      -8.32667e-17      1.45717e-16
85      -8.32667e-17      -8.32667e-17      8.32667e-17
86      -8.32667e-17      -8.32667e-17      -8.32667e-17
87      -8.32667e-17      -8.32667e-17      -1.45717e-16
88      -8.32667e-17      -8.32667e-17      2.98372e-16
89      -8.32667e-17      -8.32667e-17      -2.98372e-16
90      -8.32667e-17      -1.45717e-16      1.45717e-16
91      -8.32667e-17      -1.45717e-16      8.32667e-17
92      -8.32667e-17      -1.45717e-16      -8.32667e-17
93      -8.32667e-17      -1.45717e-16      -1.45717e-16
94      -8.32667e-17      -1.45717e-16      2.98372e-16
95      -8.32667e-17      -1.45717e-16      -2.98372e-16
96      -8.32667e-17      2.98372e-16      1.45717e-16
97      -8.32667e-17      2.98372e-16      8.32667e-17
98      -8.32667e-17      2.98372e-16      -8.32667e-17
99      -8.32667e-17      2.98372e-16      -1.45717e-16
100      -8.32667e-17      2.98372e-16      2.98372e-16
101      -8.32667e-17      2.98372e-16      -2.98372e-16
102      -8.32667e-17      -2.98372e-16      1.45717e-16
103      -8.32667e-17      -2.98372e-16      8.32667e-17
104      -8.32667e-17      -2.98372e-16      -8.32667e-17
105      -8.32667e-17      -2.98372e-16      -1.45717e-16
106      -8.32667e-17      -2.98372e-16      2.98372e-16
107      -8.32667e-17      -2.98372e-16      -2.98372e-16
108      -1.45717e-16      1.45717e-16      1.45717e-16
109      -1.45717e-16      1.45717e-16      8.32667e-17
110      -1.45717e-16      1.45717e-16      -8.32667e-17
111      -1.45717e-16      1.45717e-16      -1.45717e-16
112      -1.45717e-16      1.45717e-16      2.98372e-16
113      -1.45717e-16      1.45717e-16      -2.98372e-16
114      -1.45717e-16      8.32667e-17      1.45717e-16
115      -1.45717e-16      8.32667e-17      8.32667e-17
116      -1.45717e-16      8.32667e-17      -8.32667e-17
117      -1.45717e-16      8.32667e-17      -1.45717e-16
118      -1.45717e-16      8.32667e-17      2.98372e-16
119      -1.45717e-16      8.32667e-17      -2.98372e-16
120      -1.45717e-16      -8.32667e-17      1.45717e-16
121      -1.45717e-16      -8.32667e-17      8.32667e-17
122      -1.45717e-16      -8.32667e-17      -8.32667e-17
123      -1.45717e-16      -8.32667e-17      -1.45717e-16
124      -1.45717e-16      -8.32667e-17      2.98372e-16
125      -1.45717e-16      -8.32667e-17      -2.98372e-16
126      -1.45717e-16      -1.45717e-16      1.45717e-16
127      -1.45717e-16      -1.45717e-16      8.32667e-17
128      -1.45717e-16      -1.45717e-16      -8.32667e-17
129      -1.45717e-16      -1.45717e-16      -1.45717e-16
130      -1.45717e-16      -1.45717e-16      2.98372e-16
131      -1.45717e-16      -1.45717e-16      -2.98372e-16
132      -1.45717e-16      2.98372e-16      1.45717e-16
133      -1.45717e-16      2.98372e-16      8.32667e-17
134      -1.45717e-16      2.98372e-16      -8.32667e-17
135      -1.45717e-16      2.98372e-16      -1.45717e-16
136      -1.45717e-16      2.98372e-16      2.98372e-16
137      -1.45717e-16      2.98372e-16      -2.98372e-16
138      -1.45717e-16      -2.98372e-16      1.45717e-16
139      -1.45717e-16      -2.98372e-16      8.32667e-17
140      -1.45717e-16      -2.98372e-16      -8.32667e-17
141      -1.45717e-16      -2.98372e-16      -1.45717e-16
142      -1.45717e-16      -2.98372e-16      2.98372e-16
143      -1.45717e-16      -2.98372e-16      -2.98372e-16
144      2.98372e-16      1.45717e-16      1.45717e-16
145      2.98372e-16      1.45717e-16      8.32667e-17
146      2.98372e-16      1.45717e-16      -8.32667e-17
147      2.98372e-16      1.45717e-16      -1.45717e-16
148      2.98372e-16      1.45717e-16      2.98372e-16
149      2.98372e-16      1.45717e-16      -2.98372e-16
150      2.98372e-16      8.32667e-17      1.45717e-16
151      2.98372e-16      8.32667e-17      8.32667e-17
152      2.98372e-16      8.32667e-17      -8.32667e-17
153      2.98372e-16      8.32667e-17      -1.45717e-16
154      2.98372e-16      8.32667e-17      2.98372e-16
155      2.98372e-16      8.32667e-17      -2.98372e-16
156      2.98372e-16      -8.32667e-17      1.45717e-16
157      2.98372e-16      -8.32667e-17      8.32667e-17
158      2.98372e-16      -8.32667e-17      -8.32667e-17
159      2.98372e-16      -8.32667e-17      -1.45717e-16
160      2.98372e-16      -8.32667e-17      2.98372e-16
161      2.98372e-16      -8.32667e-17      -2.98372e-16
162      2.98372e-16      -1.45717e-16      1.45717e-16
163      2.98372e-16      -1.45717e-16      8.32667e-17
164      2.98372e-16      -1.45717e-16      -8.32667e-17
165      2.98372e-16      -1.45717e-16      -1.45717e-16
166      2.98372e-16      -1.45717e-16      2.98372e-16
167      2.98372e-16      -1.45717e-16      -2.98372e-16
168      2.98372e-16      2.98372e-16      1.45717e-16
169      2.98372e-16      2.98372e-16      8.32667e-17
170      2.98372e-16      2.98372e-16      -8.32667e-17
171      2.98372e-16      2.98372e-16      -1.45717e-16
172      2.98372e-16      2.98372e-16      2.98372e-16
173      2.98372e-16      2.98372e-16      -2.98372e-16
174      2.98372e-16      -2.98372e-16      1.45717e-16
175      2.98372e-16      -2.98372e-16      8.32667e-17
176      2.98372e-16      -2.98372e-16      -8.32667e-17
177      2.98372e-16      -2.98372e-16      -1.45717e-16
178      2.98372e-16      -2.98372e-16      2.98372e-16
179      2.98372e-16      -2.98372e-16      -2.98372e-16
180      -2.98372e-16      1.45717e-16      1.45717e-16
181      -2.98372e-16      1.45717e-16      8.32667e-17
182      -2.98372e-16      1.45717e-16      -8.32667e-17
183      -2.98372e-16      1.45717e-16      -1.45717e-16
184      -2.98372e-16      1.45717e-16      2.98372e-16
185      -2.98372e-16      1.45717e-16      -2.98372e-16
186      -2.98372e-16      8.32667e-17      1.45717e-16
187      -2.98372e-16      8.32667e-17      8.32667e-17
188      -2.98372e-16      8.32667e-17      -8.32667e-17
189      -2.98372e-16      8.32667e-17      -1.45717e-16
190      -2.98372e-16      8.32667e-17      2.98372e-16
191      -2.98372e-16      8.32667e-17      -2.98372e-16
192      -2.98372e-16      -8.32667e-17      1.45717e-16
193      -2.98372e-16      -8.32667e-17      8.32667e-17
194      -2.98372e-16      -8.32667e-17      -8.32667e-17
195      -2.98372e-16      -8.32667e-17      -1.45717e-16
196      -2.98372e-16      -8.32667e-17      2.98372e-16
197      -2.98372e-16      -8.32667e-17      -2.98372e-16
198      -2.98372e-16      -1.45717e-16      1.45717e-16
199      -2.98372e-16      -1.45717e-16      8.32667e-17
200      -2.98372e-16      -1.45717e-16      -8.32667e-17
201      -2.98372e-16      -1.45717e-16      -1.45717e-16
202      -2.98372e-16      -1.45717e-16      2.98372e-16
203      -2.98372e-16      -1.45717e-16      -2.98372e-16
204      -2.98372e-16      2.98372e-16      1.45717e-16
205      -2.98372e-16      2.98372e-16      8.32667e-17
206      -2.98372e-16      2.98372e-16      -8.32667e-17
207      -2.98372e-16      2.98372e-16      -1.45717e-16
208      -2.98372e-16      2.98372e-16      2.98372e-16
209      -2.98372e-16      2.98372e-16      -2.98372e-16
210      -2.98372e-16      -2.98372e-16      1.45717e-16
211      -2.98372e-16      -2.98372e-16      8.32667e-17
212      -2.98372e-16      -2.98372e-16      -8.32667e-17
213      -2.98372e-16      -2.98372e-16      -1.45717e-16
214      -2.98372e-16      -2.98372e-16      2.98372e-16
215      -2.98372e-16      -2.98372e-16      -2.98372e-16
